 8761 
 0 
 7 
 0 
 0 
 0 
 0.0416666666666666666666666667 
 0.0117212682962418 
 0.0833333333333333333333333333 
 0.0175215173512697 
 0.125 
 0.0220949109643698 
 0.1666666666666666666666666667 
 0.0252804066985846 
 0.2083333333333333333333333333 
 0.0279174391180277 
 0.25 
 0.0317943543195724 
 0.2916666666666666666666666667 
 0.0385744236409664 
 0.3333333333333333333333333333 
 0.0479206815361977 
 0.375 
 0.0579286105930805 
 0.4166666666666666666666666667 
 0.0679672434926033 
 0.4583333333333333333333333333 
 0.0757877007126808 
 0.5 
 0.0834357291460037 
 0.5416666666666666666666666667 
 0.0906895324587822 
 0.5833333333333333333333333333 
 0.097679078578949 
 0.625 
 0.10451252758503 
 0.6666666666666666666666666667 
 0.111040137708187 
 0.7083333333333333333333333333 
 0.117254786193371 
 0.75 
 0.124159432947636 
 0.7916666666666666666666666667 
 0.12986846268177 
 0.8333333333333333333333333333 
 0.134457960724831 
 0.875 
 0.13770255446434 
 0.9166666666666666666666666667 
 0.140365242958069 
 0.9583333333333333333333333333 
 0.14263154566288 
 1 
 0.144367814064026 
 1.0416666666666666666666666667 
 0.145652562379837 
 1.0833333333333333333333333333 
 0.146494895219803 
 1.125 
 0.146911188960075 
 1.1666666666666666666666666667 
 0.147314727306366 
 1.2083333333333333333333333333 
 0.147887349128723 
 1.25 
 0.148472756147385 
 1.2916666666666666666666666667 
 0.15035355091095 
 1.3333333333333333333333333333 
 0.153990760445595 
 1.375 
 0.158996164798737 
 1.4166666666666666666666666667 
 0.164307653903961 
 1.4583333333333333333333333333 
 0.168890953063965 
 1.5 
 0.173533782362938 
 1.5416666666666666666666666667 
 0.178282827138901 
 1.5833333333333333333333333333 
 0.183069244027138 
 1.625 
 0.187793105840683 
 1.6666666666666666666666666667 
 0.19241701066494 
 1.7083333333333333333333333333 
 0.196917816996574 
 1.75 
 0.201929077506065 
 1.7916666666666666666666666667 
 0.206037551164627 
 1.8333333333333333333333333333 
 0.209542199969292 
 1.875 
 0.212166145443916 
 1.9166666666666666666666666667 
 0.214333698153496 
 1.9583333333333333333333333333 
 0.216213464736938 
 2 
 0.217280745506287 
 2.0416666666666666666666666667 
 0.218354001641274 
 2.0833333333333333333333333333 
 0.219336897134781 
 2.125 
 0.220236986875534 
 2.1666666666666666666666666667 
 0.2209692299366 
 2.2083333333333333333333333333 
 0.221726462244987 
 2.25 
 0.222255975008011 
 2.2916666666666666666666666667 
 0.223668396472931 
 2.3333333333333333333333333333 
 0.226168513298035 
 2.375 
 0.229676574468613 
 2.4166666666666666666666666667 
 0.233711674809456 
 2.4583333333333333333333333333 
 0.237185508012772 
 2.5 
 0.240739211440086 
 2.5416666666666666666666666667 
 0.244340121746063 
 2.5833333333333333333333333333 
 0.247872099280357 
 2.625 
 0.251414924860001 
 2.6666666666666666666666666667 
 0.254906058311462 
 2.7083333333333333333333333333 
 0.258035719394684 
 2.75 
 0.261411100625992 
 2.7916666666666666666666666667 
 0.264259964227676 
 2.8333333333333333333333333333 
 0.266721725463867 
 2.875 
 0.268739759922028 
 2.9166666666666666666666666667 
 0.269966036081314 
 2.9583333333333333333333333333 
 0.271260410547256 
 3 
 0.272355854511261 
 3.0416666666666666666666666667 
 0.273406028747559 
 3.0833333333333333333333333333 
 0.274295151233673 
 3.125 
 0.274972170591354 
 3.1666666666666666666666666667 
 0.275584161281586 
 3.2083333333333333333333333333 
 0.276107937097549 
 3.25 
 0.27641361951828 
 3.2916666666666666666666666667 
 0.276874423027039 
 3.3333333333333333333333333333 
 0.27827450633049 
 3.375 
 0.280561298131943 
 3.4166666666666666666666666667 
 0.28339672088623 
 3.4583333333333333333333333333 
 0.286019206047058 
 3.5 
 0.288624733686447 
 3.5416666666666666666666666667 
 0.291712790727615 
 3.5833333333333333333333333333 
 0.294261336326599 
 3.625 
 0.296713382005692 
 3.6666666666666666666666666667 
 0.299474358558655 
 3.7083333333333333333333333333 
 0.301656872034073 
 3.75 
 0.303747296333313 
 3.7916666666666666666666666667 
 0.305680930614471 
 3.8333333333333333333333333333 
 0.307334274053574 
 3.875 
 0.308756053447723 
 3.9166666666666666666666666667 
 0.310019284486771 
 3.9583333333333333333333333333 
 0.311082541942596 
 4 
 0.311611652374268 
 4.0416666666666666666666666667 
 0.312379837036133 
 4.0833333333333333333333333333 
 0.3128861784935 
 4.125 
 0.313171327114105 
 4.1666666666666666666666666667 
 0.31341889500618 
 4.2083333333333333333333333333 
 0.313625037670136 
 4.25 
 0.313793480396271 
 4.2916666666666666666666666667 
 0.313909292221069 
 4.3333333333333333333333333333 
 0.31480085849762 
 4.375 
 0.316496521234512 
 4.4166666666666666666666666667 
 0.318579435348511 
 4.4583333333333333333333333333 
 0.320705056190491 
 4.5 
 0.322900533676147 
 4.5416666666666666666666666667 
 0.325161308050156 
 4.5833333333333333333333333333 
 0.327314823865891 
 4.625 
 0.329469680786133 
 4.6666666666666666666666666667 
 0.331578224897385 
 4.7083333333333333333333333333 
 0.333644866943359 
 4.75 
 0.335738897323608 
 4.7916666666666666666666666667 
 0.337425798177719 
 4.8333333333333333333333333333 
 0.338830977678299 
 4.875 
 0.340133130550385 
 4.9166666666666666666666666667 
 0.341058075428009 
 4.9583333333333333333333333333 
 0.341740250587463 
 5 
 0.342016935348511 
 5.0416666666666666666666666667 
 0.342268198728561 
 5.0833333333333333333333333333 
 0.342453062534332 
 5.125 
 0.342453062534332 
 5.1666666666666666666666666667 
 0.342453062534332 
 5.2083333333333333333333333333 
 0.342453062534332 
 5.25 
 0.342453062534332 
 5.2916666666666666666666666667 
 0.342453062534332 
 5.3333333333333333333333333333 
 0.342826038599014 
 5.375 
 0.34411033987999 
 5.4166666666666666666666666667 
 0.345558255910873 
 5.4583333333333333333333333333 
 0.347092419862747 
 5.5 
 0.348543465137482 
 5.5416666666666666666666666667 
 0.349988907575607 
 5.5833333333333333333333333333 
 0.351465314626694 
 5.625 
 0.352707505226135 
 5.6666666666666666666666666667 
 0.353984326124191 
 5.7083333333333333333333333333 
 0.355162501335144 
 5.75 
 0.356124401092529 
 5.7916666666666666666666666667 
 0.356728404760361 
 5.8333333333333333333333333333 
 0.357161790132523 
 5.875 
 0.357313334941864 
 5.9166666666666666666666666667 
 0.357313334941864 
 5.9583333333333333333333333333 
 0.357313334941864 
 6 
 0.357313334941864 
 6.0416666666666666666666666667 
 0.357313334941864 
 6.0833333333333333333333333333 
 0.357313334941864 
 6.125 
 0.357313334941864 
 6.1666666666666666666666666667 
 0.357313334941864 
 6.2083333333333333333333333333 
 0.357313334941864 
 6.25 
 0.357313334941864 
 6.2916666666666666666666666667 
 0.357313334941864 
 6.3333333333333333333333333333 
 0.357313334941864 
 6.375 
 0.357313334941864 
 6.4166666666666666666666666667 
 0.357313334941864 
 6.4583333333333333333333333333 
 0.358322024345398 
 6.5 
 0.359968364238739 
 6.5416666666666666666666666667 
 0.36170095205307 
 6.5833333333333333333333333333 
 0.363441079854965 
 6.625 
 0.365056246519089 
 6.6666666666666666666666666667 
 0.366394966840744 
 6.7083333333333333333333333333 
 0.367110908031464 
 6.75 
 0.367110908031464 
 6.7916666666666666666666666667 
 0.367110908031464 
 6.8333333333333333333333333333 
 0.367110908031464 
 6.875 
 0.367110908031464 
 6.9166666666666666666666666667 
 0.367110908031464 
 6.9583333333333333333333333333 
 0.367110908031464 
 7 
 0.367110908031464 
 7.0416666666666666666666666667 
 0.367110908031464 
 7.0833333333333333333333333333 
 0.367110908031464 
 7.125 
 0.367110908031464 
 7.1666666666666666666666666667 
 0.367110908031464 
 7.2083333333333333333333333333 
 0.367110908031464 
 7.25 
 0.367110908031464 
 7.2916666666666666666666666667 
 0.367110908031464 
 7.3333333333333333333333333333 
 0.367110908031464 
 7.375 
 0.367110908031464 
 7.4166666666666666666666666667 
 0.367110908031464 
 7.4583333333333333333333333333 
 0.367138922214508 
 7.5 
 0.368793427944183 
 7.5416666666666666666666666667 
 0.370449185371399 
 7.5833333333333333333333333333 
 0.372055262327194 
 7.625 
 0.373707175254822 
 7.6666666666666666666666666667 
 0.375455677509308 
 7.7083333333333333333333333333 
 0.376901477575302 
 7.75 
 0.378082364797592 
 7.7916666666666666666666666667 
 0.378992915153503 
 7.8333333333333333333333333333 
 0.379625111818314 
 7.875 
 0.379826366901398 
 7.9166666666666666666666666667 
 0.379826366901398 
 7.958333333333333333333333333 
 0.379826366901398 
 8 
 0.379826366901398 
 8.041666666666666666666666667 
 0.379826366901398 
 8.083333333333333333333333333 
 0.379826366901398 
 8.125 
 0.379826366901398 
 8.166666666666666666666666667 
 0.379826366901398 
 8.208333333333333333333333333 
 0.379826366901398 
 8.25 
 0.379826366901398 
 8.291666666666666666666666667 
 0.379826366901398 
 8.333333333333333333333333333 
 0.379826366901398 
 8.375 
 0.379826366901398 
 8.416666666666666666666666667 
 0.379826366901398 
 8.458333333333333333333333333 
 0.379826366901398 
 8.5 
 0.379826366901398 
 8.541666666666666666666666667 
 0.380505412817001 
 8.583333333333333333333333333 
 0.382000744342804 
 8.625 
 0.383425951004028 
 8.666666666666666666666666667 
 0.384880274534225 
 8.708333333333333333333333333 
 0.386162996292114 
 8.75 
 0.387328952550888 
 8.791666666666666666666666667 
 0.388318181037903 
 8.833333333333333333333333333 
 0.389047116041183 
 8.875 
 0.389341980218887 
 8.916666666666666666666666667 
 0.389708548784256 
 8.958333333333333333333333333 
 0.389926880598068 
 9 
 0.390098124742508 
 9.041666666666666666666666667 
 0.390137225389481 
 9.083333333333333333333333333 
 0.390137225389481 
 9.125 
 0.390137225389481 
 9.166666666666666666666666667 
 0.390137225389481 
 9.208333333333333333333333333 
 0.390137225389481 
 9.25 
 0.390137225389481 
 9.291666666666666666666666667 
 0.390137225389481 
 9.333333333333333333333333333 
 0.390509486198425 
 9.375 
 0.392319679260254 
 9.416666666666666666666666667 
 0.393983334302902 
 9.458333333333333333333333333 
 0.395654082298279 
 9.5 
 0.397346377372742 
 9.541666666666666666666666667 
 0.399031430482864 
 9.583333333333333333333333333 
 0.400723576545715 
 9.625 
 0.402422845363617 
 9.666666666666666666666666667 
 0.404123455286026 
 9.708333333333333333333333333 
 0.405737072229385 
 9.75 
 0.40760800242424 
 9.791666666666666666666666667 
 0.409127205610275 
 9.833333333333333333333333333 
 0.40999048948288 
 9.875 
 0.410578846931458 
 9.916666666666666666666666667 
 0.411211282014847 
 9.958333333333333333333333333 
 0.411456674337387 
 10 
 0.41147854924202 
 10.041666666666666666666666667 
 0.41147854924202 
 10.083333333333333333333333333 
 0.41147854924202 
 10.125 
 0.41147854924202 
 10.166666666666666666666666667 
 0.41147854924202 
 10.208333333333333333333333333 
 0.41147854924202 
 10.25 
 0.41147854924202 
 10.291666666666666666666666667 
 0.41147854924202 
 10.333333333333333333333333333 
 0.41147854924202 
 10.375 
 0.41147854924202 
 10.416666666666666666666666667 
 0.412194967269897 
 10.458333333333333333333333333 
 0.413337469100952 
 10.5 
 0.414411038160324 
 10.541666666666666666666666667 
 0.414810657501221 
 10.583333333333333333333333333 
 0.414810657501221 
 10.625 
 0.414810657501221 
 10.666666666666666666666666667 
 0.414810657501221 
 10.708333333333333333333333333 
 0.414810657501221 
 10.75 
 0.414810657501221 
 10.791666666666666666666666667 
 0.414810657501221 
 10.833333333333333333333333333 
 0.414810657501221 
 10.875 
 0.414810657501221 
 10.916666666666666666666666667 
 0.414810657501221 
 10.958333333333333333333333333 
 0.414810657501221 
 11 
 0.414810657501221 
 11.041666666666666666666666667 
 0.414810657501221 
 11.083333333333333333333333333 
 0.414810657501221 
 11.125 
 0.414810657501221 
 11.166666666666666666666666667 
 0.414810657501221 
 11.208333333333333333333333333 
 0.414810657501221 
 11.25 
 0.414810657501221 
 11.291666666666666666666666667 
 0.414810657501221 
 11.333333333333333333333333333 
 0.414810657501221 
 11.375 
 0.414810657501221 
 11.416666666666666666666666667 
 0.414810657501221 
 11.458333333333333333333333333 
 0.414810657501221 
 11.5 
 0.414810657501221 
 11.541666666666666666666666667 
 0.414810657501221 
 11.583333333333333333333333333 
 0.414810657501221 
 11.625 
 0.414810657501221 
 11.666666666666666666666666667 
 0.414810657501221 
 11.708333333333333333333333333 
 0.414810657501221 
 11.75 
 0.414810657501221 
 11.791666666666666666666666667 
 0.414810657501221 
 11.833333333333333333333333333 
 0.414810657501221 
 11.875 
 0.414810657501221 
 11.916666666666666666666666667 
 0.414810657501221 
 11.958333333333333333333333333 
 0.414810657501221 
 12 
 0.414810657501221 
 12.041666666666666666666666667 
 0.414810657501221 
 12.083333333333333333333333333 
 0.414810657501221 
 12.125 
 0.414810657501221 
 12.166666666666666666666666667 
 0.414810657501221 
 12.208333333333333333333333333 
 0.414810657501221 
 12.25 
 0.414810657501221 
 12.291666666666666666666666667 
 0.414810657501221 
 12.333333333333333333333333333 
 0.414810657501221 
 12.375 
 0.414810657501221 
 12.416666666666666666666666667 
 0.414810657501221 
 12.458333333333333333333333333 
 0.414810657501221 
 12.5 
 0.414810657501221 
 12.541666666666666666666666667 
 0.414810657501221 
 12.583333333333333333333333333 
 0.414810657501221 
 12.625 
 0.414810657501221 
 12.666666666666666666666666667 
 0.414810657501221 
 12.708333333333333333333333333 
 0.414810657501221 
 12.75 
 0.414810657501221 
 12.791666666666666666666666667 
 0.414810657501221 
 12.833333333333333333333333333 
 0.414810657501221 
 12.875 
 0.414810657501221 
 12.916666666666666666666666667 
 0.414810657501221 
 12.958333333333333333333333333 
 0.414810657501221 
 13 
 0.414810657501221 
 13.041666666666666666666666667 
 0.414810657501221 
 13.083333333333333333333333333 
 0.414810657501221 
 13.125 
 0.414810657501221 
 13.166666666666666666666666667 
 0.414810657501221 
 13.208333333333333333333333333 
 0.414810657501221 
 13.25 
 0.414810657501221 
 13.291666666666666666666666667 
 0.414810657501221 
 13.333333333333333333333333333 
 0.414810657501221 
 13.375 
 0.414810657501221 
 13.416666666666666666666666667 
 0.414810657501221 
 13.458333333333333333333333333 
 0.414810657501221 
 13.5 
 0.414810657501221 
 13.541666666666666666666666667 
 0.414810657501221 
 13.583333333333333333333333333 
 0.414810657501221 
 13.625 
 0.414810657501221 
 13.666666666666666666666666667 
 0.414810657501221 
 13.708333333333333333333333333 
 0.414810657501221 
 13.75 
 0.414810657501221 
 13.791666666666666666666666667 
 0.414810657501221 
 13.833333333333333333333333333 
 0.414810657501221 
 13.875 
 0.414810657501221 
 13.916666666666666666666666667 
 0.414810657501221 
 13.958333333333333333333333333 
 0.414810657501221 
 14 
 0.414810657501221 
 14.041666666666666666666666667 
 0.414810657501221 
 14.083333333333333333333333333 
 0.414810657501221 
 14.125 
 0.414810657501221 
 14.166666666666666666666666667 
 0.414810657501221 
 14.208333333333333333333333333 
 0.414810657501221 
 14.25 
 0.414810657501221 
 14.291666666666666666666666667 
 0.414810657501221 
 14.333333333333333333333333333 
 0.414810657501221 
 14.375 
 0.414810657501221 
 14.416666666666666666666666667 
 0.414810657501221 
 14.458333333333333333333333333 
 0.414810657501221 
 14.5 
 0.414810657501221 
 14.541666666666666666666666667 
 0.414810657501221 
 14.583333333333333333333333333 
 0.414810657501221 
 14.625 
 0.414810657501221 
 14.666666666666666666666666667 
 0.414810657501221 
 14.708333333333333333333333333 
 0.414810657501221 
 14.75 
 0.414810657501221 
 14.791666666666666666666666667 
 0.414810657501221 
 14.833333333333333333333333333 
 0.414810657501221 
 14.875 
 0.414810657501221 
 14.916666666666666666666666667 
 0.414810657501221 
 14.958333333333333333333333333 
 0.414810657501221 
 15 
 0.414810657501221 
 15.041666666666666666666666667 
 0.414810657501221 
 15.083333333333333333333333333 
 0.414810657501221 
 15.125 
 0.414810657501221 
 15.166666666666666666666666667 
 0.414810657501221 
 15.208333333333333333333333333 
 0.414810657501221 
 15.25 
 0.414810657501221 
 15.291666666666666666666666667 
 0.414810657501221 
 15.333333333333333333333333333 
 0.414810657501221 
 15.375 
 0.414810657501221 
 15.416666666666666666666666667 
 0.414810657501221 
 15.458333333333333333333333333 
 0.414810657501221 
 15.5 
 0.414810657501221 
 15.541666666666666666666666667 
 0.414810657501221 
 15.583333333333333333333333333 
 0.414810657501221 
 15.625 
 0.414810657501221 
 15.666666666666666666666666667 
 0.414810657501221 
 15.708333333333333333333333333 
 0.414810657501221 
 15.75 
 0.414810657501221 
 15.791666666666666666666666667 
 0.414810657501221 
 15.833333333333333333333333333 
 0.414810657501221 
 15.875 
 0.414810657501221 
 15.916666666666666666666666667 
 0.414810657501221 
 15.958333333333333333333333333 
 0.414810657501221 
 16 
 0.414810657501221 
 16.041666666666666666666666667 
 0.414810657501221 
 16.083333333333333333333333333 
 0.414810657501221 
 16.125 
 0.414810657501221 
 16.166666666666666666666666667 
 0.414810657501221 
 16.208333333333333333333333333 
 0.414810657501221 
 16.25 
 0.414810657501221 
 16.291666666666666666666666667 
 0.414810657501221 
 16.333333333333333333333333333 
 0.414810657501221 
 16.375 
 0.414810657501221 
 16.416666666666666666666666667 
 0.414810657501221 
 16.458333333333333333333333333 
 0.414810657501221 
 16.5 
 0.414810657501221 
 16.541666666666666666666666667 
 0.414810657501221 
 16.583333333333333333333333333 
 0.414810657501221 
 16.625 
 0.414810657501221 
 16.666666666666666666666666667 
 0.414810657501221 
 16.708333333333333333333333333 
 0.414810657501221 
 16.75 
 0.414810657501221 
 16.791666666666666666666666667 
 0.414810657501221 
 16.833333333333333333333333333 
 0.414810657501221 
 16.875 
 0.414810657501221 
 16.916666666666666666666666667 
 0.414810657501221 
 16.958333333333333333333333333 
 0.414810657501221 
 17 
 0.414810657501221 
 17.041666666666666666666666667 
 0.414810657501221 
 17.083333333333333333333333333 
 0.414810657501221 
 17.125 
 0.414810657501221 
 17.166666666666666666666666667 
 0.414810657501221 
 17.208333333333333333333333333 
 0.414810657501221 
 17.25 
 0.414810657501221 
 17.291666666666666666666666667 
 0.414810657501221 
 17.333333333333333333333333333 
 0.414810657501221 
 17.375 
 0.415060132741928 
 17.416666666666666666666666667 
 0.416591316461563 
 17.458333333333333333333333333 
 0.417903125286102 
 17.5 
 0.418515354394913 
 17.541666666666666666666666667 
 0.418673664331436 
 17.583333333333333333333333333 
 0.418673664331436 
 17.625 
 0.418673664331436 
 17.666666666666666666666666667 
 0.418673664331436 
 17.708333333333333333333333333 
 0.418673664331436 
 17.75 
 0.418673664331436 
 17.791666666666666666666666667 
 0.418673664331436 
 17.833333333333333333333333333 
 0.418673664331436 
 17.875 
 0.418673664331436 
 17.916666666666666666666666667 
 0.418673664331436 
 17.958333333333333333333333333 
 0.418673664331436 
 18 
 0.418673664331436 
 18.041666666666666666666666667 
 0.418673664331436 
 18.083333333333333333333333333 
 0.418673664331436 
 18.125 
 0.418673664331436 
 18.166666666666666666666666667 
 0.418673664331436 
 18.208333333333333333333333333 
 0.418673664331436 
 18.25 
 0.418673664331436 
 18.291666666666666666666666667 
 0.418673664331436 
 18.333333333333333333333333333 
 0.418673664331436 
 18.375 
 0.418673664331436 
 18.416666666666666666666666667 
 0.418688982725143 
 18.458333333333333333333333333 
 0.419235110282898 
 18.5 
 0.420094966888428 
 18.541666666666666666666666667 
 0.421050637960434 
 18.583333333333333333333333333 
 0.422025889158249 
 18.625 
 0.422989457845688 
 18.666666666666666666666666667 
 0.42389503121376 
 18.708333333333333333333333333 
 0.424720048904419 
 18.75 
 0.425475001335144 
 18.791666666666666666666666667 
 0.425965309143066 
 18.833333333333333333333333333 
 0.426121920347214 
 18.875 
 0.426227629184723 
 18.916666666666666666666666667 
 0.426293462514877 
 18.958333333333333333333333333 
 0.426293462514877 
 19 
 0.426293462514877 
 19.041666666666666666666666667 
 0.426293462514877 
 19.083333333333333333333333333 
 0.426293462514877 
 19.125 
 0.426293462514877 
 19.166666666666666666666666667 
 0.426293462514877 
 19.208333333333333333333333333 
 0.426293462514877 
 19.25 
 0.426293462514877 
 19.291666666666666666666666667 
 0.426293462514877 
 19.333333333333333333333333333 
 0.426293462514877 
 19.375 
 0.426293462514877 
 19.416666666666666666666666667 
 0.426331669092178 
 19.458333333333333333333333333 
 0.427554726600647 
 19.5 
 0.429118365049362 
 19.541666666666666666666666667 
 0.430494666099548 
 19.583333333333333333333333333 
 0.431875169277191 
 19.625 
 0.433255791664124 
 19.666666666666666666666666667 
 0.434652864933014 
 19.708333333333333333333333333 
 0.435995101928711 
 19.75 
 0.437596201896667 
 19.791666666666666666666666667 
 0.438936531543732 
 19.833333333333333333333333333 
 0.43984666466713 
 19.875 
 0.440392434597015 
 19.916666666666666666666666667 
 0.440857350826263 
 19.958333333333333333333333333 
 0.441251069307327 
 20 
 0.441614061594009 
 20.041666666666666666666666667 
 0.44192835688591 
 20.083333333333333333333333333 
 0.4422847032547 
 20.125 
 0.442610561847687 
 20.166666666666666666666666667 
 0.442897796630859 
 20.208333333333333333333333333 
 0.443303555250168 
 20.25 
 0.443735063076019 
 20.291666666666666666666666667 
 0.44424644112587 
 20.333333333333333333333333333 
 0.444825530052185 
 20.375 
 0.445688039064407 
 20.416666666666666666666666667 
 0.446623682975769 
 20.458333333333333333333333333 
 0.447976887226105 
 20.5 
 0.449005246162415 
 20.541666666666666666666666667 
 0.449932605028152 
 20.583333333333333333333333333 
 0.450719982385635 
 20.625 
 0.450959742069244 
 20.666666666666666666666666667 
 0.451112627983093 
 20.708333333333333333333333333 
 0.451547384262085 
 20.75 
 0.451874434947968 
 20.791666666666666666666666667 
 0.452088356018066 
 20.833333333333333333333333333 
 0.452157586812973 
 20.875 
 0.452157586812973 
 20.916666666666666666666666667 
 0.452157586812973 
 20.958333333333333333333333333 
 0.452157586812973 
 21 
 0.452157586812973 
 21.041666666666666666666666667 
 0.452157586812973 
 21.083333333333333333333333333 
 0.452157586812973 
 21.125 
 0.452157586812973 
 21.166666666666666666666666667 
 0.452157586812973 
 21.208333333333333333333333333 
 0.452157586812973 
 21.25 
 0.452157586812973 
 21.291666666666666666666666667 
 0.452157586812973 
 21.333333333333333333333333333 
 0.452157586812973 
 21.375 
 0.452157586812973 
 21.416666666666666666666666667 
 0.452696442604065 
 21.458333333333333333333333333 
 0.454165548086166 
 21.5 
 0.455751359462738 
 21.541666666666666666666666667 
 0.45696821808815 
 21.583333333333333333333333333 
 0.458197176456451 
 21.625 
 0.459432452917099 
 21.666666666666666666666666667 
 0.460666179656982 
 21.708333333333333333333333333 
 0.461867332458496 
 21.75 
 0.463014721870422 
 21.791666666666666666666666667 
 0.464106410741806 
 21.833333333333333333333333333 
 0.465379267930985 
 21.875 
 0.466189205646515 
 21.916666666666666666666666667 
 0.466441065073013 
 21.958333333333333333333333333 
 0.466441065073013 
 22 
 0.466441065073013 
 22.041666666666666666666666667 
 0.466441065073013 
 22.083333333333333333333333333 
 0.466441065073013 
 22.125 
 0.466441065073013 
 22.166666666666666666666666667 
 0.466441065073013 
 22.208333333333333333333333333 
 0.466441065073013 
 22.25 
 0.466441065073013 
 22.291666666666666666666666667 
 0.466441065073013 
 22.333333333333333333333333333 
 0.466441065073013 
 22.375 
 0.466441065073013 
 22.416666666666666666666666667 
 0.466441065073013 
 22.458333333333333333333333333 
 0.466441065073013 
 22.5 
 0.466441065073013 
 22.541666666666666666666666667 
 0.466441065073013 
 22.583333333333333333333333333 
 0.466441065073013 
 22.625 
 0.466441065073013 
 22.666666666666666666666666667 
 0.466441065073013 
 22.708333333333333333333333333 
 0.466441065073013 
 22.75 
 0.466441065073013 
 22.791666666666666666666666667 
 0.466441065073013 
 22.833333333333333333333333333 
 0.466441065073013 
 22.875 
 0.466441065073013 
 22.916666666666666666666666667 
 0.466441065073013 
 22.958333333333333333333333333 
 0.466441065073013 
 23 
 0.466441065073013 
 23.041666666666666666666666667 
 0.466441065073013 
 23.083333333333333333333333333 
 0.466441065073013 
 23.125 
 0.466441065073013 
 23.166666666666666666666666667 
 0.466441065073013 
 23.208333333333333333333333333 
 0.466441065073013 
 23.25 
 0.466441065073013 
 23.291666666666666666666666667 
 0.466441065073013 
 23.333333333333333333333333333 
 0.466441065073013 
 23.375 
 0.466441065073013 
 23.416666666666666666666666667 
 0.466441065073013 
 23.458333333333333333333333333 
 0.466441065073013 
 23.5 
 0.466441065073013 
 23.541666666666666666666666667 
 0.466441065073013 
 23.583333333333333333333333333 
 0.466441065073013 
 23.625 
 0.466441065073013 
 23.666666666666666666666666667 
 0.466441065073013 
 23.708333333333333333333333333 
 0.466441065073013 
 23.75 
 0.466441065073013 
 23.791666666666666666666666667 
 0.466441065073013 
 23.833333333333333333333333333 
 0.466456145048141 
 23.875 
 0.466456145048141 
 23.916666666666666666666666667 
 0.466456145048141 
 23.958333333333333333333333333 
 0.466456145048141 
 24 
 0.466456145048141 
 24.041666666666666666666666667 
 0.466456145048141 
 24.083333333333333333333333333 
 0.466456145048141 
 24.125 
 0.466495960950851 
 24.166666666666666666666666667 
 0.466703325510025 
 24.208333333333333333333333333 
 0.46690309047699 
 24.25 
 0.467055022716522 
 24.291666666666666666666666667 
 0.467406302690506 
 24.333333333333333333333333333 
 0.468288093805313 
 24.375 
 0.469469279050827 
 24.416666666666666666666666667 
 0.470753580331802 
 24.458333333333333333333333333 
 0.471708029508591 
 24.5 
 0.472657859325409 
 24.541666666666666666666666667 
 0.474016308784485 
 24.583333333333333333333333333 
 0.475096464157104 
 24.625 
 0.476162642240524 
 24.666666666666666666666666667 
 0.47721141576767 
 24.708333333333333333333333333 
 0.478224456310272 
 24.75 
 0.479200005531311 
 24.791666666666666666666666667 
 0.480330318212509 
 24.833333333333333333333333333 
 0.48119267821312 
 24.875 
 0.482151180505753 
 24.916666666666666666666666667 
 0.482844293117523 
 24.958333333333333333333333333 
 0.483244925737381 
 25 
 0.483649760484695 
 25.041666666666666666666666667 
 0.483983904123306 
 25.083333333333333333333333333 
 0.484346687793732 
 25.125 
 0.484671294689178 
 25.166666666666666666666666667 
 0.484723001718521 
 25.208333333333333333333333333 
 0.484723001718521 
 25.25 
 0.484723001718521 
 25.291666666666666666666666667 
 0.484723001718521 
 25.333333333333333333333333333 
 0.484723001718521 
 25.375 
 0.484723001718521 
 25.416666666666666666666666667 
 0.484723001718521 
 25.458333333333333333333333333 
 0.484723001718521 
 25.5 
 0.484723001718521 
 25.541666666666666666666666667 
 0.484723001718521 
 25.583333333333333333333333333 
 0.484723001718521 
 25.625 
 0.484723001718521 
 25.666666666666666666666666667 
 0.484723001718521 
 25.708333333333333333333333333 
 0.484723001718521 
 25.75 
 0.484723001718521 
 25.791666666666666666666666667 
 0.484723001718521 
 25.833333333333333333333333333 
 0.484723001718521 
 25.875 
 0.484723001718521 
 25.916666666666666666666666667 
 0.484723001718521 
 25.958333333333333333333333333 
 0.484723001718521 
 26 
 0.484723001718521 
 26.041666666666666666666666667 
 0.484723001718521 
 26.083333333333333333333333333 
 0.484723001718521 
 26.125 
 0.484723001718521 
 26.166666666666666666666666667 
 0.484723001718521 
 26.208333333333333333333333333 
 0.484723001718521 
 26.25 
 0.484723001718521 
 26.291666666666666666666666667 
 0.484723001718521 
 26.333333333333333333333333333 
 0.484723001718521 
 26.375 
 0.484723001718521 
 26.416666666666666666666666667 
 0.484723001718521 
 26.458333333333333333333333333 
 0.484723001718521 
 26.5 
 0.484723001718521 
 26.541666666666666666666666667 
 0.484723001718521 
 26.583333333333333333333333333 
 0.484723001718521 
 26.625 
 0.484723001718521 
 26.666666666666666666666666667 
 0.484723001718521 
 26.708333333333333333333333333 
 0.484723001718521 
 26.75 
 0.484723001718521 
 26.791666666666666666666666667 
 0.484723001718521 
 26.833333333333333333333333333 
 0.484723001718521 
 26.875 
 0.484723001718521 
 26.916666666666666666666666667 
 0.484723001718521 
 26.958333333333333333333333333 
 0.484723001718521 
 27 
 0.484723001718521 
 27.041666666666666666666666667 
 0.484723001718521 
 27.083333333333333333333333333 
 0.484723001718521 
 27.125 
 0.484723001718521 
 27.166666666666666666666666667 
 0.484723001718521 
 27.208333333333333333333333333 
 0.484723001718521 
 27.25 
 0.484723001718521 
 27.291666666666666666666666667 
 0.484723001718521 
 27.333333333333333333333333333 
 0.484723001718521 
 27.375 
 0.484723001718521 
 27.416666666666666666666666667 
 0.484723001718521 
 27.458333333333333333333333333 
 0.484723001718521 
 27.5 
 0.484723001718521 
 27.541666666666666666666666667 
 0.485119849443436 
 27.583333333333333333333333333 
 0.486284613609314 
 27.625 
 0.487263888120651 
 27.666666666666666666666666667 
 0.488228291273117 
 27.708333333333333333333333333 
 0.489131480455399 
 27.75 
 0.489916533231735 
 27.791666666666666666666666667 
 0.490613728761673 
 27.833333333333333333333333333 
 0.490862816572189 
 27.875 
 0.490863412618637 
 27.916666666666666666666666667 
 0.490863412618637 
 27.958333333333333333333333333 
 0.490863412618637 
 28 
 0.490863412618637 
 28.041666666666666666666666667 
 0.490863412618637 
 28.083333333333333333333333333 
 0.490863412618637 
 28.125 
 0.490863412618637 
 28.166666666666666666666666667 
 0.490863412618637 
 28.208333333333333333333333333 
 0.490863412618637 
 28.25 
 0.490863412618637 
 28.291666666666666666666666667 
 0.490863412618637 
 28.333333333333333333333333333 
 0.490863412618637 
 28.375 
 0.490863412618637 
 28.416666666666666666666666667 
 0.490863412618637 
 28.458333333333333333333333333 
 0.490863412618637 
 28.5 
 0.490863412618637 
 28.541666666666666666666666667 
 0.490863412618637 
 28.583333333333333333333333333 
 0.490863412618637 
 28.625 
 0.491411328315735 
 28.666666666666666666666666667 
 0.492195338010788 
 28.708333333333333333333333333 
 0.493002444505692 
 28.75 
 0.493914157152176 
 28.791666666666666666666666667 
 0.494508564472198 
 28.833333333333333333333333333 
 0.494664639234543 
 28.875 
 0.494675755500793 
 28.916666666666666666666666667 
 0.494891583919525 
 28.958333333333333333333333333 
 0.495171427726746 
 29 
 0.49531963467598 
 29.041666666666666666666666667 
 0.495519906282425 
 29.083333333333333333333333333 
 0.495657920837402 
 29.125 
 0.495775610208511 
 29.166666666666666666666666667 
 0.495952248573303 
 29.208333333333333333333333333 
 0.496199429035187 
 29.25 
 0.496401101350784 
 29.291666666666666666666666667 
 0.496701717376709 
 29.333333333333333333333333333 
 0.497349202632904 
 29.375 
 0.498065263032913 
 29.416666666666666666666666667 
 0.498862653970718 
 29.458333333333333333333333333 
 0.499962508678436 
 29.5 
 0.500853419303894 
 29.541666666666666666666666667 
 0.50176876783371 
 29.583333333333333333333333333 
 0.502688229084015 
 29.625 
 0.503606915473938 
 29.666666666666666666666666667 
 0.504534780979156 
 29.708333333333333333333333333 
 0.505441844463348 
 29.75 
 0.506324589252472 
 29.791666666666666666666666667 
 0.507133305072784 
 29.833333333333333333333333333 
 0.507790148258209 
 29.875 
 0.508072733879089 
 29.916666666666666666666666667 
 0.5082888007164 
 29.958333333333333333333333333 
 0.508444964885712 
 30 
 0.508505165576935 
 30.041666666666666666666666667 
 0.508505165576935 
 30.083333333333333333333333333 
 0.508505165576935 
 30.125 
 0.508505165576935 
 30.166666666666666666666666667 
 0.508505165576935 
 30.208333333333333333333333333 
 0.508505165576935 
 30.25 
 0.508505165576935 
 30.291666666666666666666666667 
 0.508505165576935 
 30.333333333333333333333333333 
 0.508810520172119 
 30.375 
 0.509717106819153 
 30.416666666666666666666666667 
 0.51081770658493 
 30.458333333333333333333333333 
 0.511760413646698 
 30.5 
 0.512710452079773 
 30.541666666666666666666666667 
 0.513666331768036 
 30.583333333333333333333333333 
 0.514624536037445 
 30.625 
 0.51557868719101 
 30.666666666666666666666666667 
 0.516517221927643 
 30.708333333333333333333333333 
 0.517407357692719 
 30.75 
 0.518491744995117 
 30.791666666666666666666666667 
 0.519250333309174 
 30.833333333333333333333333333 
 0.519988596439362 
 30.875 
 0.520480751991272 
 30.916666666666666666666666667 
 0.520861387252808 
 30.958333333333333333333333333 
 0.521171629428864 
 31 
 0.521342694759369 
 31.041666666666666666666666667 
 0.521463096141815 
 31.083333333333333333333333333 
 0.521612942218781 
 31.125 
 0.521715342998505 
 31.166666666666666666666666667 
 0.52182275056839 
 31.208333333333333333333333333 
 0.521934986114502 
 31.25 
 0.522002518177032 
 31.291666666666666666666666667 
 0.522271513938904 
 31.333333333333333333333333333 
 0.523024022579193 
 31.375 
 0.524200260639191 
 31.416666666666666666666666667 
 0.525203704833984 
 31.458333333333333333333333333 
 0.526246607303619 
 31.5 
 0.527669310569763 
 31.541666666666666666666666667 
 0.528743922710419 
 31.583333333333333333333333333 
 0.529783606529236 
 31.625 
 0.530835330486298 
 31.666666666666666666666666667 
 0.531874895095825 
 31.708333333333333333333333333 
 0.532887697219849 
 31.75 
 0.534149289131165 
 31.791666666666666666666666667 
 0.535063087940216 
 31.833333333333333333333333333 
 0.536077916622162 
 31.875 
 0.536884307861328 
 31.916666666666666666666666667 
 0.537452816963196 
 31.958333333333333333333333333 
 0.538030445575714 
 32 
 0.53862065076828 
 32.041666666666666666666666667 
 0.53911554813385 
 32.083333333333333333333333333 
 0.539545893669128 
 32.125 
 0.539937496185303 
 32.166666666666666666666666667 
 0.540320813655853 
 32.208333333333333333333333333 
 0.540502309799194 
 32.25 
 0.540685057640076 
 32.291666666666666666666666667 
 0.540883839130402 
 32.333333333333333333333333333 
 0.541245222091675 
 32.375 
 0.542062878608704 
 32.416666666666666666666666667 
 0.543074190616608 
 32.458333333333333333333333333 
 0.543917715549469 
 32.5 
 0.54478907585144 
 32.541666666666666666666666667 
 0.545694887638092 
 32.583333333333333333333333333 
 0.546625256538391 
 32.625 
 0.547787010669708 
 32.666666666666666666666666667 
 0.548738718032837 
 32.708333333333333333333333333 
 0.549193620681763 
 32.75 
 0.549446105957031 
 32.791666666666666666666666667 
 0.549646198749542 
 32.833333333333333333333333333 
 0.549771845340729 
 32.875 
 0.549795985221863 
 32.916666666666666666666666667 
 0.549795985221863 
 32.958333333333333333333333333 
 0.549795985221863 
 33 
 0.549855709075928 
 33.041666666666666666666666667 
 0.55012059211731 
 33.083333333333333333333333333 
 0.550363063812256 
 33.125 
 0.550594508647919 
 33.166666666666666666666666667 
 0.550828993320465 
 33.208333333333333333333333333 
 0.550898790359497 
 33.25 
 0.550898790359497 
 33.291666666666666666666666667 
 0.550898790359497 
 33.333333333333333333333333333 
 0.550898790359497 
 33.375 
 0.550898790359497 
 33.416666666666666666666666667 
 0.550898790359497 
 33.458333333333333333333333333 
 0.550898790359497 
 33.5 
 0.550898790359497 
 33.541666666666666666666666667 
 0.551037013530731 
 33.583333333333333333333333333 
 0.55176717042923 
 33.625 
 0.552560865879059 
 33.666666666666666666666666667 
 0.553377330303192 
 33.708333333333333333333333333 
 0.554182171821594 
 33.75 
 0.555020153522491 
 33.791666666666666666666666667 
 0.555539011955261 
 33.833333333333333333333333333 
 0.555893182754517 
 33.875 
 0.556016027927399 
 33.916666666666666666666666667 
 0.556032001972198 
 33.958333333333333333333333333 
 0.556032001972198 
 34 
 0.556032001972198 
 34.041666666666666666666666667 
 0.556032001972198 
 34.083333333333333333333333333 
 0.556032001972198 
 34.125 
 0.556032001972198 
 34.166666666666666666666666667 
 0.556032001972198 
 34.208333333333333333333333333 
 0.556032001972198 
 34.25 
 0.556032001972198 
 34.291666666666666666666666667 
 0.556032001972198 
 34.333333333333333333333333333 
 0.556032001972198 
 34.375 
 0.556446194648743 
 34.416666666666666666666666667 
 0.557376325130463 
 34.458333333333333333333333333 
 0.558272540569305 
 34.5 
 0.559172749519348 
 34.541666666666666666666666667 
 0.560056805610657 
 34.583333333333333333333333333 
 0.560964703559875 
 34.625 
 0.561876535415649 
 34.666666666666666666666666667 
 0.562777042388916 
 34.708333333333333333333333333 
 0.563572227954865 
 34.75 
 0.564380049705505 
 34.791666666666666666666666667 
 0.564851582050323 
 34.833333333333333333333333333 
 0.56524920463562 
 34.875 
 0.565475106239319 
 34.916666666666666666666666667 
 0.565536081790924 
 34.958333333333333333333333333 
 0.565536081790924 
 35 
 0.565536081790924 
 35.041666666666666666666666667 
 0.565536081790924 
 35.083333333333333333333333333 
 0.565536081790924 
 35.125 
 0.565536081790924 
 35.166666666666666666666666667 
 0.565536081790924 
 35.208333333333333333333333333 
 0.565536081790924 
 35.25 
 0.565536081790924 
 35.291666666666666666666666667 
 0.565536081790924 
 35.333333333333333333333333333 
 0.565536081790924 
 35.375 
 0.566178560256958 
 35.416666666666666666666666667 
 0.566943347454071 
 35.458333333333333333333333333 
 0.567724287509918 
 35.5 
 0.568510711193085 
 35.541666666666666666666666667 
 0.56929337978363 
 35.583333333333333333333333333 
 0.570077121257782 
 35.625 
 0.570837497711182 
 35.666666666666666666666666667 
 0.571585237979889 
 35.708333333333333333333333333 
 0.572309672832489 
 35.75 
 0.573116719722748 
 35.791666666666666666666666667 
 0.573736131191254 
 35.833333333333333333333333333 
 0.574096024036407 
 35.875 
 0.574233114719391 
 35.916666666666666666666666667 
 0.574233114719391 
 35.958333333333333333333333333 
 0.574233114719391 
 36 
 0.574233114719391 
 36.041666666666666666666666667 
 0.574233114719391 
 36.083333333333333333333333333 
 0.574233114719391 
 36.125 
 0.574233114719391 
 36.166666666666666666666666667 
 0.574233114719391 
 36.208333333333333333333333333 
 0.574233114719391 
 36.25 
 0.574233114719391 
 36.291666666666666666666666667 
 0.574233114719391 
 36.333333333333333333333333333 
 0.574233114719391 
 36.375 
 0.574337065219879 
 36.416666666666666666666666667 
 0.575104117393494 
 36.458333333333333333333333333 
 0.575876533985138 
 36.5 
 0.576654374599457 
 36.541666666666666666666666667 
 0.577448129653931 
 36.583333333333333333333333333 
 0.57828015089035 
 36.625 
 0.57915335893631 
 36.666666666666666666666666667 
 0.580043852329254 
 36.708333333333333333333333333 
 0.580899357795715 
 36.75 
 0.581685602664948 
 36.791666666666666666666666667 
 0.582386434078217 
 36.833333333333333333333333333 
 0.583102345466614 
 36.875 
 0.583559393882751 
 36.916666666666666666666666667 
 0.583888173103333 
 36.958333333333333333333333333 
 0.584161698818207 
 37 
 0.584264159202576 
 37.041666666666666666666666667 
 0.584282517433167 
 37.083333333333333333333333333 
 0.584282517433167 
 37.125 
 0.584282517433167 
 37.166666666666666666666666667 
 0.584282517433167 
 37.208333333333333333333333333 
 0.584282517433167 
 37.25 
 0.584282517433167 
 37.291666666666666666666666667 
 0.584343135356903 
 37.333333333333333333333333333 
 0.584936380386353 
 37.375 
 0.585946619510651 
 37.416666666666666666666666667 
 0.586861670017242 
 37.458333333333333333333333333 
 0.58776867389679 
 37.5 
 0.588678061962128 
 37.541666666666666666666666667 
 0.589586794376373 
 37.583333333333333333333333333 
 0.590488851070404 
 37.625 
 0.591397762298584 
 37.666666666666666666666666667 
 0.592301487922668 
 37.708333333333333333333333333 
 0.593185484409332 
 37.75 
 0.594270944595337 
 37.791666666666666666666666667 
 0.595209240913391 
 37.833333333333333333333333333 
 0.595874071121216 
 37.875 
 0.596246957778931 
 37.916666666666666666666666667 
 0.596486866474152 
 37.958333333333333333333333333 
 0.596649408340454 
 38 
 0.596770882606506 
 38.041666666666666666666666667 
 0.596855759620667 
 38.083333333333333333333333333 
 0.59691721200943 
 38.125 
 0.596967101097107 
 38.166666666666666666666666667 
 0.597084105014801 
 38.208333333333333333333333333 
 0.597305059432983 
 38.25 
 0.597619414329529 
 38.291666666666666666666666667 
 0.598253428936005 
 38.333333333333333333333333333 
 0.599119901657104 
 38.375 
 0.600298285484314 
 38.416666666666666666666666667 
 0.601496398448944 
 38.458333333333333333333333333 
 0.602501749992371 
 38.5 
 0.60351949930191 
 38.541666666666666666666666667 
 0.604521930217743 
 38.583333333333333333333333333 
 0.605526626110077 
 38.625 
 0.606513261795044 
 38.666666666666666666666666667 
 0.607493340969086 
 38.708333333333333333333333333 
 0.608431994915009 
 38.75 
 0.609708786010742 
 38.791666666666666666666666667 
 0.610826671123505 
 38.833333333333333333333333333 
 0.611855745315552 
 38.875 
 0.612564921379089 
 38.916666666666666666666666667 
 0.61330258846283 
 38.958333333333333333333333333 
 0.613751709461212 
 39 
 0.61410665512085 
 39.041666666666666666666666667 
 0.614351630210876 
 39.083333333333333333333333333 
 0.614505589008331 
 39.125 
 0.614618957042694 
 39.166666666666666666666666667 
 0.614712238311768 
 39.208333333333333333333333333 
 0.614766478538513 
 39.25 
 0.614822208881378 
 39.291666666666666666666666667 
 0.614906072616577 
 39.333333333333333333333333333 
 0.615344405174255 
 39.375 
 0.61599725484848 
 39.416666666666666666666666667 
 0.616577863693237 
 39.458333333333333333333333333 
 0.617203950881958 
 39.5 
 0.61788135766983 
 39.541666666666666666666666667 
 0.618597209453583 
 39.583333333333333333333333333 
 0.619306743144989 
 39.625 
 0.620011568069458 
 39.666666666666666666666666667 
 0.620687186717987 
 39.708333333333333333333333333 
 0.62135523557663 
 39.75 
 0.621956944465637 
 39.791666666666666666666666667 
 0.622499704360962 
 39.833333333333333333333333333 
 0.622947812080383 
 39.875 
 0.623112142086029 
 39.916666666666666666666666667 
 0.623166263103485 
 39.958333333333333333333333333 
 0.623212277889252 
 40 
 0.623259842395782 
 40.041666666666666666666666667 
 0.623282909393311 
 40.083333333333333333333333333 
 0.623330235481262 
 40.125 
 0.623350501060486 
 40.166666666666666666666666667 
 0.623370885848999 
 40.208333333333333333333333333 
 0.62340259552002 
 40.25 
 0.623515665531158 
 40.291666666666666666666666667 
 0.623730063438416 
 40.333333333333333333333333333 
 0.624270141124725 
 40.375 
 0.625146806240082 
 40.416666666666666666666666667 
 0.625944077968597 
 40.458333333333333333333333333 
 0.626781940460205 
 40.5 
 0.62763911485672 
 40.541666666666666666666666667 
 0.628473103046417 
 40.583333333333333333333333333 
 0.629316389560699 
 40.625 
 0.630162000656128 
 40.666666666666666666666666667 
 0.63096034526825 
 40.708333333333333333333333333 
 0.631704330444336 
 40.75 
 0.632402539253235 
 40.791666666666666666666666667 
 0.633043706417084 
 40.833333333333333333333333333 
 0.633669674396515 
 40.875 
 0.634066164493561 
 40.916666666666666666666666667 
 0.634314775466919 
 40.958333333333333333333333333 
 0.634446561336517 
 41 
 0.634561121463776 
 41.041666666666666666666666667 
 0.634596467018127 
 41.083333333333333333333333333 
 0.634610831737518 
 41.125 
 0.634611129760742 
 41.166666666666666666666666667 
 0.634611129760742 
 41.208333333333333333333333333 
 0.634611129760742 
 41.25 
 0.634720921516418 
 41.291666666666666666666666667 
 0.634902715682983 
 41.333333333333333333333333333 
 0.63537722826004 
 41.375 
 0.636147379875183 
 41.416666666666666666666666667 
 0.636848390102386 
 41.458333333333333333333333333 
 0.637631595134735 
 41.5 
 0.638445258140564 
 41.541666666666666666666666667 
 0.63928210735321 
 41.583333333333333333333333333 
 0.640126943588257 
 41.625 
 0.640979588031769 
 41.666666666666666666666666667 
 0.641814947128296 
 41.708333333333333333333333333 
 0.642845034599304 
 41.75 
 0.643569946289063 
 41.791666666666666666666666667 
 0.644340336322784 
 41.833333333333333333333333333 
 0.644839227199554 
 41.875 
 0.645251989364624 
 41.916666666666666666666666667 
 0.645508885383606 
 41.958333333333333333333333333 
 0.645665287971497 
 42 
 0.645767211914063 
 42.041666666666666666666666667 
 0.645797193050385 
 42.083333333333333333333333333 
 0.645797193050385 
 42.125 
 0.645797193050385 
 42.166666666666666666666666667 
 0.645797193050385 
 42.208333333333333333333333333 
 0.645797193050385 
 42.25 
 0.645797193050385 
 42.291666666666666666666666667 
 0.645797193050385 
 42.333333333333333333333333333 
 0.646298289299011 
 42.375 
 0.647109985351563 
 42.416666666666666666666666667 
 0.64807653427124 
 42.458333333333333333333333333 
 0.648887753486633 
 42.5 
 0.64971661567688 
 42.541666666666666666666666667 
 0.650542020797729 
 42.583333333333333333333333333 
 0.651354551315308 




















































































































































































































































































































































































































































































































































































































































































































































































































































































































































































































































































































































































































































































































































































































































































































































































































































































































































































































































































































































































































































































































































































































































































































































































































































































































































































































































































































































































































































































































































































































































































































































































































































































































































































































































































































































































































































































































































































































































































































































































































































































































































































































































































































































































































































































































































































































































































































































































































































































































































































































































































































































































































































































































































































































































































































































































































































































































































































































































































































































































































































































































































































































































































































































































































































































































































































































































































































































































































































































































































































































































































































































































































































































































































































































































































































































































































































































































































































































































































































































































































































































































































































































































































































































































































































































































































































































































































































































































































































































































































































































































































































































































































































































































































































































































































































































































































































































































































































































































































































































































































































































































































































































































































































































































































































































































































































































































































































































































































































































































































































































































































































































































































































































































































































































































































































































































































































































































































































































































































































































































































































































































































































































































































































































































































































































































































































































































































































































































































































































































































































































































































































































































































































































































































































































































































































































































































































































































































































































































































































































































































































































































































































































































































































































































































































































































































































































































































































































































































































































































































































































































































































































































































































































































































































































































































































































































































































































































































































































































































































































































































































































































